0 0.266797 0.417361 0.050781 0.062500
0 0.323047 0.416667 0.053906 0.063889
0 0.388281 0.415972 0.043750 0.059722
0 0.443359 0.415972 0.044531 0.056944
0 0.437500 0.710417 0.087500 0.093056
0 0.532422 0.699306 0.086719 0.112500
0 0.626172 0.702083 0.082031 0.115278
0 0.331641 0.713194 0.121094 0.087500
0 0.713281 0.721528 0.076563 0.084722
0 0.300781 0.315278 0.162500 0.091667
1 0.285156 0.165278 0.051562 0.113889
1 0.456250 0.160417 0.043750 0.109722
1 0.538281 0.162500 0.096875 0.113889
1 0.647656 0.159722 0.089062 0.119444
1 0.433984 0.300694 0.097656 0.109722
1 0.537891 0.302083 0.094531 0.118056
1 0.635938 0.297222 0.087500 0.105556
1 0.548047 0.413889 0.042969 0.063889
1 0.599609 0.411806 0.041406 0.062500
1 0.652344 0.413194 0.040625 0.065278
1 0.703516 0.410417 0.042969 0.065278
1 0.755078 0.417361 0.042969 0.076389
1 0.316016 0.567361 0.122656 0.090278
1 0.439453 0.568750 0.091406 0.101389
1 0.535547 0.561111 0.088281 0.125000
1 0.627734 0.559722 0.086719 0.119444
1 0.720312 0.579167 0.081250 0.105556
1 0.353906 0.847222 0.129688 0.116667
1 0.500000 0.857639 0.112500 0.081944
2 0.341016 0.163194 0.050781 0.104167
2 0.400391 0.165972 0.052344 0.115278
2 0.746094 0.161111 0.092188 0.111111
2 0.737500 0.295833 0.101562 0.111111
2 0.635938 0.833333 0.131250 0.088889
0 0.233203 0.162500 0.049219 0.113889
