0 0.141406 0.597917 0.084375 0.093056
0 0.216797 0.596528 0.066406 0.095833
1 0.294141 0.593056 0.064844 0.091667
1 0.371094 0.588194 0.056250 0.087500
1 0.442578 0.589583 0.055469 0.093056
2 0.120703 0.104861 0.083594 0.131944
2 0.209766 0.104167 0.067969 0.122222
2 0.305469 0.104167 0.067188 0.119444
2 0.398047 0.107639 0.067969 0.123611
2 0.488281 0.113889 0.067188 0.127778
2 0.578125 0.114583 0.054688 0.126389
2 0.665234 0.109722 0.057031 0.127778
2 0.753906 0.116667 0.045313 0.119444
2 0.837109 0.120833 0.047656 0.122222
2 0.122266 0.288889 0.078906 0.113889
2 0.214844 0.289583 0.070312 0.118056
2 0.297656 0.285417 0.068750 0.112500
2 0.386328 0.283333 0.064844 0.105556
2 0.469141 0.291667 0.064844 0.127778
2 0.557031 0.290278 0.064062 0.116667
2 0.632812 0.291667 0.059375 0.116667
2 0.714063 0.293750 0.053125 0.109722
2 0.793750 0.296528 0.060938 0.118056
2 0.132031 0.456250 0.079687 0.095833
2 0.216797 0.451389 0.071094 0.094444
2 0.298047 0.454861 0.064844 0.106944
2 0.379297 0.450694 0.064844 0.095833
2 0.457812 0.452083 0.056250 0.095833
2 0.537109 0.448611 0.063281 0.105556
2 0.612109 0.448611 0.058594 0.102778
2 0.683594 0.447222 0.048437 0.100000
2 0.758594 0.443750 0.053125 0.106944
2 0.516797 0.591667 0.055469 0.091667
2 0.589063 0.592361 0.050000 0.081944
2 0.662891 0.590278 0.053906 0.086111
2 0.737109 0.584028 0.060156 0.090278
2 0.155078 0.731250 0.077344 0.079167
2 0.230078 0.720833 0.074219 0.091667
2 0.304688 0.723611 0.067188 0.088889
2 0.378125 0.715972 0.064062 0.095833
2 0.454297 0.717361 0.069531 0.090278
2 0.522656 0.716667 0.057813 0.094444
2 0.589453 0.712500 0.058594 0.091667
2 0.656641 0.713889 0.052344 0.086111
2 0.724609 0.711806 0.057031 0.093056
2 0.209375 0.838194 0.056250 0.073611
2 0.272656 0.836806 0.064062 0.076389
2 0.344531 0.836111 0.064062 0.086111
2 0.406250 0.836806 0.054688 0.076389
2 0.473828 0.831944 0.053906 0.086111
2 0.538672 0.828472 0.050781 0.076389
2 0.605469 0.827778 0.051562 0.086111
2 0.671484 0.822222 0.049219 0.077778
2 0.731641 0.820139 0.046094 0.076389
2 0.706250 0.922917 0.054688 0.076389
2 0.631641 0.921528 0.061719 0.079167
2 0.557031 0.925000 0.054688 0.075000
2 0.485547 0.929167 0.052344 0.072222
2 0.412500 0.931250 0.053125 0.073611
2 0.340625 0.937500 0.057813 0.075000
2 0.269141 0.939583 0.063281 0.076389
2 0.197266 0.940972 0.064844 0.073611
