0 0.143750 0.347222 0.081250 0.086111
0 0.120312 0.243056 0.082813 0.105556
0 0.218750 0.340972 0.078125 0.090278
0 0.200000 0.239583 0.068750 0.087500
0 0.127734 0.104861 0.174219 0.104167
0 0.632812 0.290972 0.140625 0.156944
0 0.467578 0.490278 0.125781 0.125000
0 0.200000 0.493750 0.145313 0.137500
0 0.372266 0.705556 0.135156 0.138889
0 0.544531 0.841667 0.170312 0.088889
0 0.542578 0.935417 0.161719 0.084722
1 0.289844 0.104861 0.150000 0.093056
1 0.458203 0.097917 0.160156 0.101389
1 0.772656 0.290972 0.128125 0.165278
1 0.590234 0.488889 0.111719 0.119444
1 0.630469 0.101389 0.148438 0.091667
1 0.496094 0.693750 0.107813 0.131944
1 0.612109 0.688889 0.107031 0.136111
1 0.717578 0.824306 0.153906 0.090278
1 0.723047 0.929167 0.149219 0.094444
1 0.336719 0.488889 0.126563 0.133333
1 0.363672 0.235417 0.077344 0.101389
1 0.372656 0.335417 0.076563 0.095833
1 0.286719 0.243056 0.084375 0.108333
1 0.297656 0.344444 0.067188 0.083333
2 0.438672 0.231250 0.058594 0.090278
2 0.510156 0.236806 0.065625 0.104167
2 0.514844 0.338194 0.064062 0.084722
2 0.445312 0.334028 0.054688 0.090278
2 0.744531 0.488889 0.173438 0.111111
2 0.791016 0.100694 0.142969 0.087500
