2 0.206641 0.095833 0.066406 0.125000
2 0.275391 0.093056 0.060156 0.125000
2 0.344141 0.093056 0.063281 0.147222
2 0.413281 0.092361 0.057813 0.148611
2 0.482422 0.093750 0.063281 0.140278
2 0.551953 0.095833 0.057031 0.144444
2 0.616797 0.089583 0.049219 0.134722
2 0.686719 0.101389 0.054688 0.133333
1 0.219922 0.278472 0.057031 0.062500
1 0.274219 0.282639 0.046875 0.068056
1 0.334375 0.279167 0.050000 0.063889
1 0.394922 0.282639 0.049219 0.073611
1 0.249219 0.426389 0.101562 0.130556
1 0.350781 0.426389 0.093750 0.130556
1 0.463672 0.425694 0.102344 0.134722
1 0.282813 0.595139 0.089062 0.112500
0 0.450000 0.279861 0.046875 0.076389
0 0.503125 0.280556 0.050000 0.075000
0 0.286719 0.774306 0.092188 0.087500
0 0.377734 0.741667 0.086719 0.108333
0 0.466797 0.738194 0.082031 0.112500
0 0.546094 0.736806 0.068750 0.112500
0 0.454688 0.884722 0.167187 0.094444
0 0.599219 0.865278 0.106250 0.111111
0 0.309375 0.876389 0.120312 0.100000
0 0.626172 0.738889 0.075781 0.108333
2 0.556250 0.277778 0.045313 0.072222
2 0.609766 0.279861 0.044531 0.073611
2 0.665234 0.286111 0.042969 0.069444
2 0.712891 0.283333 0.036719 0.072222
2 0.568750 0.422222 0.098438 0.133333
2 0.666016 0.427778 0.082031 0.130556
2 0.366797 0.596528 0.075781 0.109722
2 0.453516 0.590278 0.088281 0.111111
2 0.547656 0.590972 0.093750 0.118056
2 0.642578 0.588889 0.091406 0.125000
