1 0.324609 0.381250 0.096094 0.162500
1 0.419922 0.381250 0.080469 0.168056
1 0.513281 0.343056 0.078125 0.258333
1 0.635938 0.341667 0.078125 0.236111
0 0.741406 0.341667 0.098438 0.247222
0 0.232812 0.383333 0.089062 0.152778
0 0.146094 0.378472 0.089062 0.145833
0 0.565234 0.660417 0.125781 0.184722
0 0.708594 0.665278 0.107813 0.177778
0 0.544141 0.797917 0.103906 0.062500
0 0.681250 0.799306 0.120312 0.084722
0 0.392578 0.683333 0.199219 0.161111
0 0.399609 0.800000 0.175781 0.066667
2 0.135547 0.659722 0.263281 0.169444
2 0.158594 0.784722 0.239063 0.080556
2 0.053906 0.375694 0.098438 0.137500
