0 0.450391 0.379167 0.046094 0.077778
1 0.503125 0.379861 0.050000 0.079167
1 0.487109 0.684722 0.049219 0.111111
0 0.430859 0.679861 0.053906 0.106944
2 0.307813 0.074306 0.048437 0.087500
2 0.362500 0.070833 0.042188 0.091667
2 0.254687 0.231944 0.053125 0.072222
2 0.304688 0.229167 0.045313 0.069444
2 0.412500 0.230556 0.056250 0.077778
2 0.466406 0.229167 0.048437 0.080556
2 0.518750 0.228472 0.048437 0.084722
2 0.576172 0.227083 0.049219 0.084722
2 0.638281 0.223611 0.050000 0.077778
2 0.699609 0.221528 0.044531 0.087500
2 0.752344 0.220139 0.026563 0.095833
2 0.622266 0.052083 0.042969 0.093056
2 0.552344 0.061111 0.037500 0.088889
2 0.493359 0.065278 0.046094 0.094444
2 0.673047 0.384028 0.046094 0.079167
2 0.616406 0.378472 0.045313 0.084722
2 0.558984 0.377083 0.044531 0.081944
2 0.732031 0.383333 0.040625 0.086111
2 0.249219 0.375694 0.056250 0.079167
2 0.299219 0.373611 0.039062 0.080556
2 0.351172 0.372222 0.053906 0.083333
2 0.402344 0.379167 0.042188 0.083333
2 0.367578 0.527083 0.052344 0.095833
2 0.422656 0.528472 0.050000 0.104167
2 0.486719 0.522917 0.046875 0.101389
2 0.605469 0.551389 0.048437 0.088889
2 0.667578 0.554167 0.047656 0.086111
2 0.259375 0.517361 0.053125 0.098611
2 0.725391 0.559028 0.030469 0.095833
2 0.269141 0.663194 0.050781 0.090278
2 0.323828 0.670833 0.052344 0.100000
2 0.377344 0.672222 0.048437 0.105556
2 0.543359 0.693056 0.053906 0.105556
2 0.598047 0.701389 0.050781 0.102778
2 0.661719 0.709028 0.059375 0.109722
2 0.717188 0.713889 0.032812 0.119444
2 0.264844 0.796528 0.051562 0.093056
2 0.318750 0.797222 0.051562 0.088889
2 0.418750 0.816667 0.054688 0.113889
2 0.475000 0.822917 0.050000 0.104167
2 0.530859 0.818750 0.050781 0.095833
2 0.585547 0.853472 0.053906 0.123611
2 0.643750 0.861806 0.056250 0.106944
2 0.696484 0.869444 0.042969 0.113889
3 0.244922 0.070139 0.053906 0.104167
3 0.356641 0.223611 0.049219 0.083333
3 0.700781 0.055556 0.046875 0.083333
3 0.314844 0.514583 0.048437 0.098611
3 0.367578 0.804167 0.041406 0.102778
