3 0.205078 0.038889 0.346094 0.077778
2 0.382031 0.902778 0.239063 0.155556
0 0.337109 0.564583 0.249219 0.190278
0 0.561328 0.565972 0.178906 0.195833
0 0.296484 0.252778 0.258594 0.113889
0 0.308984 0.368750 0.261719 0.093056
0 0.297266 0.136111 0.250781 0.086111
0 0.579297 0.364583 0.255469 0.093056
0 0.568750 0.247917 0.270312 0.118056
0 0.562891 0.113889 0.275781 0.122222
0 0.733984 0.125000 0.052344 0.119444
0 0.798828 0.118750 0.055469 0.115278
0 0.862891 0.114583 0.061719 0.112500
0 0.733984 0.246528 0.052344 0.104167
0 0.795703 0.240972 0.069531 0.118056
0 0.862500 0.234722 0.057813 0.116667
0 0.737500 0.354861 0.045313 0.093056
0 0.797266 0.356944 0.055469 0.102778
0 0.859766 0.354861 0.057031 0.093056
0 0.576172 0.842361 0.161719 0.120833
1 0.774609 0.560417 0.224219 0.198611
1 0.772656 0.809028 0.217187 0.154167
