0 0.158203 0.282639 0.091406 0.318056
0 0.251172 0.287500 0.086719 0.322222
0 0.343359 0.286111 0.082031 0.313889
0 0.433203 0.282639 0.074219 0.309722
0 0.524219 0.287500 0.081250 0.308333
0 0.619141 0.288889 0.077344 0.322222
0 0.255078 0.652778 0.246094 0.291667
0 0.501953 0.652083 0.227344 0.281944
0 0.745703 0.650000 0.225781 0.272222
0 0.909375 0.638889 0.053125 0.258333
3 0.695312 0.915278 0.081250 0.150000
3 0.767578 0.904167 0.039844 0.125000
2 0.708984 0.281250 0.069531 0.293056
2 0.799609 0.288194 0.067969 0.306944
2 0.894922 0.290972 0.071094 0.309722
